{
 "cells": [
  {
   "cell_type": "code",
   "execution_count": 51,
   "metadata": {},
   "outputs": [],
   "source": [
    "import pandas as pd\n",
    "import dask as dd\n",
    "import numpy as np\n",
    "import seaborn as sns\n",
    "import matplotlib.pyplot as plt\n",
    "import datetime as dt\n",
    "import statsmodels.formula.api as smf\n",
    "import statistics\n",
    "\n",
    "from sklearn.linear_model import LogisticRegression\n",
    "\n",
    "import statsmodels.api as sm\n",
    "from statsmodels.genmod.generalized_linear_model import GLM\n",
    "from statsmodels.genmod import families\n",
    "from statsmodels.stats.outliers_influence import variance_inflation_factor\n",
    "\n",
    "from scipy import stats"
   ]
  },
  {
   "cell_type": "code",
   "execution_count": 52,
   "metadata": {},
   "outputs": [],
   "source": [
    "sns.set()"
   ]
  },
  {
   "cell_type": "markdown",
   "metadata": {},
   "source": [
    "### Helper functions"
   ]
  },
  {
   "cell_type": "code",
   "execution_count": 53,
   "metadata": {},
   "outputs": [],
   "source": [
    "\n",
    "import pandas as pd\n",
    "\n",
    "def calculate_pvalues(df):\n",
    "    df = df.dropna()._get_numeric_data()\n",
    "    dfcols = pd.DataFrame(columns=df.columns)\n",
    "    pvalues = dfcols.transpose().join(dfcols, how='outer')\n",
    "    for r in df.columns:\n",
    "        for c in df.columns:\n",
    "            pvalues[r][c] = round(stats.pearsonr(df[r], df[c])[1], 4)\n",
    "    return pvalues"
   ]
  },
  {
   "cell_type": "code",
   "execution_count": 54,
   "metadata": {},
   "outputs": [],
   "source": [
    "df = pd.read_csv('./data/JV_data_dist.csv')\n",
    "\n",
    "#Filter data\n",
    "# df = df[df['mfgf'] == \"Yes\"]\n",
    "# df = df[df['sic'].str.contains('3711') == True]\n",
    "# df = df[df['public_count'] >= 1]\n",
    "# df = df[df['nump'] == 2]\n",
    "# df = df[df['avg_emp_pp'] >= 8]\n",
    "\n",
    "#Recode variables\n",
    "df['pdynamic'] = df['pdynamic'].map({'new_entrant': 1, 'incumbent': 0})\n",
    "df['jvf'] = df['jvf'].map({'Yes': 1, 'No': 0})\n",
    "df['snation_partal'] = df['snation_partal'].map({\"Y\": 1, \"N\": 0})\n",
    "df['mfgf'] = df['mfgf'].map({\"Yes\": 1, \"No\": 0})\n",
    "df['saf'] = df['saf'].map({\"Y\": 1, \"N\": 0})\n",
    "\n"
   ]
  },
  {
   "cell_type": "markdown",
   "metadata": {},
   "source": [
    "## Correlations (no segmentation)"
   ]
  },
  {
   "cell_type": "code",
   "execution_count": 57,
   "metadata": {},
   "outputs": [
    {
     "data": {
      "text/html": [
       "<div>\n",
       "<style scoped>\n",
       "    .dataframe tbody tr th:only-of-type {\n",
       "        vertical-align: middle;\n",
       "    }\n",
       "\n",
       "    .dataframe tbody tr th {\n",
       "        vertical-align: top;\n",
       "    }\n",
       "\n",
       "    .dataframe thead th {\n",
       "        text-align: right;\n",
       "    }\n",
       "</style>\n",
       "<table border=\"1\" class=\"dataframe\">\n",
       "  <thead>\n",
       "    <tr style=\"text-align: right;\">\n",
       "      <th></th>\n",
       "      <th>ddist_year</th>\n",
       "      <th>pdynamic</th>\n",
       "      <th>jvf</th>\n",
       "      <th>avg_emp_pp</th>\n",
       "      <th>public_count</th>\n",
       "      <th>snation_partal</th>\n",
       "      <th>nump</th>\n",
       "      <th>mfgf</th>\n",
       "      <th>saf</th>\n",
       "    </tr>\n",
       "  </thead>\n",
       "  <tbody>\n",
       "    <tr>\n",
       "      <th>ddist_year</th>\n",
       "      <td>1.000000</td>\n",
       "      <td>0.003480</td>\n",
       "      <td>0.189488</td>\n",
       "      <td>-0.097809</td>\n",
       "      <td>-0.037129</td>\n",
       "      <td>0.017334</td>\n",
       "      <td>-0.053992</td>\n",
       "      <td>-0.011022</td>\n",
       "      <td>-0.189488</td>\n",
       "    </tr>\n",
       "    <tr>\n",
       "      <th>pdynamic</th>\n",
       "      <td>0.003480</td>\n",
       "      <td>1.000000</td>\n",
       "      <td>-0.028112</td>\n",
       "      <td>-0.164860</td>\n",
       "      <td>-0.159290</td>\n",
       "      <td>0.140374</td>\n",
       "      <td>-0.031982</td>\n",
       "      <td>-0.132400</td>\n",
       "      <td>0.028112</td>\n",
       "    </tr>\n",
       "    <tr>\n",
       "      <th>jvf</th>\n",
       "      <td>0.189488</td>\n",
       "      <td>-0.028112</td>\n",
       "      <td>1.000000</td>\n",
       "      <td>-0.151136</td>\n",
       "      <td>-0.012062</td>\n",
       "      <td>-0.066478</td>\n",
       "      <td>0.076198</td>\n",
       "      <td>0.259683</td>\n",
       "      <td>-1.000000</td>\n",
       "    </tr>\n",
       "    <tr>\n",
       "      <th>avg_emp_pp</th>\n",
       "      <td>-0.097809</td>\n",
       "      <td>-0.164860</td>\n",
       "      <td>-0.151136</td>\n",
       "      <td>1.000000</td>\n",
       "      <td>0.110587</td>\n",
       "      <td>-0.046406</td>\n",
       "      <td>-0.035239</td>\n",
       "      <td>-0.046848</td>\n",
       "      <td>0.151136</td>\n",
       "    </tr>\n",
       "    <tr>\n",
       "      <th>public_count</th>\n",
       "      <td>-0.037129</td>\n",
       "      <td>-0.159290</td>\n",
       "      <td>-0.012062</td>\n",
       "      <td>0.110587</td>\n",
       "      <td>1.000000</td>\n",
       "      <td>0.083162</td>\n",
       "      <td>0.338668</td>\n",
       "      <td>-0.089192</td>\n",
       "      <td>0.012062</td>\n",
       "    </tr>\n",
       "    <tr>\n",
       "      <th>snation_partal</th>\n",
       "      <td>0.017334</td>\n",
       "      <td>0.140374</td>\n",
       "      <td>-0.066478</td>\n",
       "      <td>-0.046406</td>\n",
       "      <td>0.083162</td>\n",
       "      <td>1.000000</td>\n",
       "      <td>0.048809</td>\n",
       "      <td>-0.069829</td>\n",
       "      <td>0.066478</td>\n",
       "    </tr>\n",
       "    <tr>\n",
       "      <th>nump</th>\n",
       "      <td>-0.053992</td>\n",
       "      <td>-0.031982</td>\n",
       "      <td>0.076198</td>\n",
       "      <td>-0.035239</td>\n",
       "      <td>0.338668</td>\n",
       "      <td>0.048809</td>\n",
       "      <td>1.000000</td>\n",
       "      <td>-0.063561</td>\n",
       "      <td>-0.076198</td>\n",
       "    </tr>\n",
       "    <tr>\n",
       "      <th>mfgf</th>\n",
       "      <td>-0.011022</td>\n",
       "      <td>-0.132400</td>\n",
       "      <td>0.259683</td>\n",
       "      <td>-0.046848</td>\n",
       "      <td>-0.089192</td>\n",
       "      <td>-0.069829</td>\n",
       "      <td>-0.063561</td>\n",
       "      <td>1.000000</td>\n",
       "      <td>-0.259683</td>\n",
       "    </tr>\n",
       "    <tr>\n",
       "      <th>saf</th>\n",
       "      <td>-0.189488</td>\n",
       "      <td>0.028112</td>\n",
       "      <td>-1.000000</td>\n",
       "      <td>0.151136</td>\n",
       "      <td>0.012062</td>\n",
       "      <td>0.066478</td>\n",
       "      <td>-0.076198</td>\n",
       "      <td>-0.259683</td>\n",
       "      <td>1.000000</td>\n",
       "    </tr>\n",
       "  </tbody>\n",
       "</table>\n",
       "</div>"
      ],
      "text/plain": [
       "                ddist_year  pdynamic       jvf  avg_emp_pp  public_count  \\\n",
       "ddist_year        1.000000  0.003480  0.189488   -0.097809     -0.037129   \n",
       "pdynamic          0.003480  1.000000 -0.028112   -0.164860     -0.159290   \n",
       "jvf               0.189488 -0.028112  1.000000   -0.151136     -0.012062   \n",
       "avg_emp_pp       -0.097809 -0.164860 -0.151136    1.000000      0.110587   \n",
       "public_count     -0.037129 -0.159290 -0.012062    0.110587      1.000000   \n",
       "snation_partal    0.017334  0.140374 -0.066478   -0.046406      0.083162   \n",
       "nump             -0.053992 -0.031982  0.076198   -0.035239      0.338668   \n",
       "mfgf             -0.011022 -0.132400  0.259683   -0.046848     -0.089192   \n",
       "saf              -0.189488  0.028112 -1.000000    0.151136      0.012062   \n",
       "\n",
       "                snation_partal      nump      mfgf       saf  \n",
       "ddist_year            0.017334 -0.053992 -0.011022 -0.189488  \n",
       "pdynamic              0.140374 -0.031982 -0.132400  0.028112  \n",
       "jvf                  -0.066478  0.076198  0.259683 -1.000000  \n",
       "avg_emp_pp           -0.046406 -0.035239 -0.046848  0.151136  \n",
       "public_count          0.083162  0.338668 -0.089192  0.012062  \n",
       "snation_partal        1.000000  0.048809 -0.069829  0.066478  \n",
       "nump                  0.048809  1.000000 -0.063561 -0.076198  \n",
       "mfgf                 -0.069829 -0.063561  1.000000 -0.259683  \n",
       "saf                   0.066478 -0.076198 -0.259683  1.000000  "
      ]
     },
     "metadata": {},
     "output_type": "display_data"
    },
    {
     "data": {
      "text/html": [
       "<div>\n",
       "<style scoped>\n",
       "    .dataframe tbody tr th:only-of-type {\n",
       "        vertical-align: middle;\n",
       "    }\n",
       "\n",
       "    .dataframe tbody tr th {\n",
       "        vertical-align: top;\n",
       "    }\n",
       "\n",
       "    .dataframe thead th {\n",
       "        text-align: right;\n",
       "    }\n",
       "</style>\n",
       "<table border=\"1\" class=\"dataframe\">\n",
       "  <thead>\n",
       "    <tr style=\"text-align: right;\">\n",
       "      <th></th>\n",
       "      <th>ddist_year</th>\n",
       "      <th>pdynamic</th>\n",
       "      <th>jvf</th>\n",
       "      <th>avg_emp_pp</th>\n",
       "      <th>public_count</th>\n",
       "      <th>snation_partal</th>\n",
       "      <th>nump</th>\n",
       "      <th>mfgf</th>\n",
       "      <th>saf</th>\n",
       "    </tr>\n",
       "  </thead>\n",
       "  <tbody>\n",
       "    <tr>\n",
       "      <th>ddist_year</th>\n",
       "      <td>0.0</td>\n",
       "      <td>0.6694</td>\n",
       "      <td>0.0</td>\n",
       "      <td>0.0082</td>\n",
       "      <td>0.4154</td>\n",
       "      <td>0.9743</td>\n",
       "      <td>0.1181</td>\n",
       "      <td>0.2843</td>\n",
       "      <td>0.0</td>\n",
       "    </tr>\n",
       "    <tr>\n",
       "      <th>pdynamic</th>\n",
       "      <td>0.6694</td>\n",
       "      <td>0.0</td>\n",
       "      <td>0.7514</td>\n",
       "      <td>0.0</td>\n",
       "      <td>0.0</td>\n",
       "      <td>0.0</td>\n",
       "      <td>0.6224</td>\n",
       "      <td>0.0003</td>\n",
       "      <td>0.7514</td>\n",
       "    </tr>\n",
       "    <tr>\n",
       "      <th>jvf</th>\n",
       "      <td>0.0</td>\n",
       "      <td>0.7514</td>\n",
       "      <td>0.0</td>\n",
       "      <td>0.0</td>\n",
       "      <td>0.6184</td>\n",
       "      <td>0.0729</td>\n",
       "      <td>0.1536</td>\n",
       "      <td>0.0</td>\n",
       "      <td>0.0</td>\n",
       "    </tr>\n",
       "    <tr>\n",
       "      <th>avg_emp_pp</th>\n",
       "      <td>0.0082</td>\n",
       "      <td>0.0</td>\n",
       "      <td>0.0</td>\n",
       "      <td>0.0</td>\n",
       "      <td>0.0028</td>\n",
       "      <td>0.2108</td>\n",
       "      <td>0.3421</td>\n",
       "      <td>0.2064</td>\n",
       "      <td>0.0</td>\n",
       "    </tr>\n",
       "    <tr>\n",
       "      <th>public_count</th>\n",
       "      <td>0.4154</td>\n",
       "      <td>0.0</td>\n",
       "      <td>0.6184</td>\n",
       "      <td>0.0028</td>\n",
       "      <td>0.0</td>\n",
       "      <td>0.0029</td>\n",
       "      <td>0.0</td>\n",
       "      <td>0.0436</td>\n",
       "      <td>0.6184</td>\n",
       "    </tr>\n",
       "    <tr>\n",
       "      <th>snation_partal</th>\n",
       "      <td>0.9743</td>\n",
       "      <td>0.0</td>\n",
       "      <td>0.0729</td>\n",
       "      <td>0.2108</td>\n",
       "      <td>0.0029</td>\n",
       "      <td>0.0</td>\n",
       "      <td>0.0907</td>\n",
       "      <td>0.1454</td>\n",
       "      <td>0.0729</td>\n",
       "    </tr>\n",
       "    <tr>\n",
       "      <th>nump</th>\n",
       "      <td>0.1181</td>\n",
       "      <td>0.6224</td>\n",
       "      <td>0.1536</td>\n",
       "      <td>0.3421</td>\n",
       "      <td>0.0</td>\n",
       "      <td>0.0907</td>\n",
       "      <td>0.0</td>\n",
       "      <td>0.0303</td>\n",
       "      <td>0.1536</td>\n",
       "    </tr>\n",
       "    <tr>\n",
       "      <th>mfgf</th>\n",
       "      <td>0.2843</td>\n",
       "      <td>0.0003</td>\n",
       "      <td>0.0</td>\n",
       "      <td>0.2064</td>\n",
       "      <td>0.0436</td>\n",
       "      <td>0.1454</td>\n",
       "      <td>0.0303</td>\n",
       "      <td>0.0</td>\n",
       "      <td>0.0</td>\n",
       "    </tr>\n",
       "    <tr>\n",
       "      <th>saf</th>\n",
       "      <td>0.0</td>\n",
       "      <td>0.7514</td>\n",
       "      <td>0.0</td>\n",
       "      <td>0.0</td>\n",
       "      <td>0.6184</td>\n",
       "      <td>0.0729</td>\n",
       "      <td>0.1536</td>\n",
       "      <td>0.0</td>\n",
       "      <td>0.0</td>\n",
       "    </tr>\n",
       "  </tbody>\n",
       "</table>\n",
       "</div>"
      ],
      "text/plain": [
       "               ddist_year pdynamic     jvf avg_emp_pp public_count  \\\n",
       "ddist_year            0.0   0.6694     0.0     0.0082       0.4154   \n",
       "pdynamic           0.6694      0.0  0.7514        0.0          0.0   \n",
       "jvf                   0.0   0.7514     0.0        0.0       0.6184   \n",
       "avg_emp_pp         0.0082      0.0     0.0        0.0       0.0028   \n",
       "public_count       0.4154      0.0  0.6184     0.0028          0.0   \n",
       "snation_partal     0.9743      0.0  0.0729     0.2108       0.0029   \n",
       "nump               0.1181   0.6224  0.1536     0.3421          0.0   \n",
       "mfgf               0.2843   0.0003     0.0     0.2064       0.0436   \n",
       "saf                   0.0   0.7514     0.0        0.0       0.6184   \n",
       "\n",
       "               snation_partal    nump    mfgf     saf  \n",
       "ddist_year             0.9743  0.1181  0.2843     0.0  \n",
       "pdynamic                  0.0  0.6224  0.0003  0.7514  \n",
       "jvf                    0.0729  0.1536     0.0     0.0  \n",
       "avg_emp_pp             0.2108  0.3421  0.2064     0.0  \n",
       "public_count           0.0029     0.0  0.0436  0.6184  \n",
       "snation_partal            0.0  0.0907  0.1454  0.0729  \n",
       "nump                   0.0907     0.0  0.0303  0.1536  \n",
       "mfgf                   0.1454  0.0303     0.0     0.0  \n",
       "saf                    0.0729  0.1536     0.0     0.0  "
      ]
     },
     "metadata": {},
     "output_type": "display_data"
    }
   ],
   "source": [
    "coll = ['ddist_year', 'pdynamic', 'jvf', 'avg_emp_pp', 'public_count', 'snation_partal', 'nump', 'mfgf', 'saf']\n",
    "\n",
    "display(df[coll].corr(), calculate_pvalues(df[coll]))"
   ]
  },
  {
   "cell_type": "markdown",
   "metadata": {},
   "source": [
    "### Correlations (segmentation)"
   ]
  },
  {
   "cell_type": "code",
   "execution_count": 58,
   "metadata": {},
   "outputs": [],
   "source": [
    "#Filter data\n",
    "dfS = df.copy()\n",
    "dfS = dfS[dfS['mfgf'] == \"Yes\"]\n",
    "dfS = dfS[dfS['sic'].str.contains('3711') == True]\n",
    "dfS = dfS[dfS['public_count'] >= 1]\n",
    "dfS = dfS[dfS['nump'] == 2]\n",
    "dfS = dfS[dfS['avg_emp_pp'] >= 8]"
   ]
  },
  {
   "cell_type": "code",
   "execution_count": 59,
   "metadata": {},
   "outputs": [
    {
     "data": {
      "text/html": [
       "<div>\n",
       "<style scoped>\n",
       "    .dataframe tbody tr th:only-of-type {\n",
       "        vertical-align: middle;\n",
       "    }\n",
       "\n",
       "    .dataframe tbody tr th {\n",
       "        vertical-align: top;\n",
       "    }\n",
       "\n",
       "    .dataframe thead th {\n",
       "        text-align: right;\n",
       "    }\n",
       "</style>\n",
       "<table border=\"1\" class=\"dataframe\">\n",
       "  <thead>\n",
       "    <tr style=\"text-align: right;\">\n",
       "      <th></th>\n",
       "      <th>ddist_year</th>\n",
       "      <th>pdynamic</th>\n",
       "      <th>jvf</th>\n",
       "      <th>avg_emp_pp</th>\n",
       "      <th>public_count</th>\n",
       "      <th>snation_partal</th>\n",
       "      <th>saf</th>\n",
       "    </tr>\n",
       "  </thead>\n",
       "  <tbody>\n",
       "    <tr>\n",
       "      <th>ddist_year</th>\n",
       "      <td>1.000000</td>\n",
       "      <td>0.003480</td>\n",
       "      <td>0.189488</td>\n",
       "      <td>-0.097809</td>\n",
       "      <td>-0.037129</td>\n",
       "      <td>0.017334</td>\n",
       "      <td>-0.189488</td>\n",
       "    </tr>\n",
       "    <tr>\n",
       "      <th>pdynamic</th>\n",
       "      <td>0.003480</td>\n",
       "      <td>1.000000</td>\n",
       "      <td>-0.028112</td>\n",
       "      <td>-0.164860</td>\n",
       "      <td>-0.159290</td>\n",
       "      <td>0.140374</td>\n",
       "      <td>0.028112</td>\n",
       "    </tr>\n",
       "    <tr>\n",
       "      <th>jvf</th>\n",
       "      <td>0.189488</td>\n",
       "      <td>-0.028112</td>\n",
       "      <td>1.000000</td>\n",
       "      <td>-0.151136</td>\n",
       "      <td>-0.012062</td>\n",
       "      <td>-0.066478</td>\n",
       "      <td>-1.000000</td>\n",
       "    </tr>\n",
       "    <tr>\n",
       "      <th>avg_emp_pp</th>\n",
       "      <td>-0.097809</td>\n",
       "      <td>-0.164860</td>\n",
       "      <td>-0.151136</td>\n",
       "      <td>1.000000</td>\n",
       "      <td>0.110587</td>\n",
       "      <td>-0.046406</td>\n",
       "      <td>0.151136</td>\n",
       "    </tr>\n",
       "    <tr>\n",
       "      <th>public_count</th>\n",
       "      <td>-0.037129</td>\n",
       "      <td>-0.159290</td>\n",
       "      <td>-0.012062</td>\n",
       "      <td>0.110587</td>\n",
       "      <td>1.000000</td>\n",
       "      <td>0.083162</td>\n",
       "      <td>0.012062</td>\n",
       "    </tr>\n",
       "    <tr>\n",
       "      <th>snation_partal</th>\n",
       "      <td>0.017334</td>\n",
       "      <td>0.140374</td>\n",
       "      <td>-0.066478</td>\n",
       "      <td>-0.046406</td>\n",
       "      <td>0.083162</td>\n",
       "      <td>1.000000</td>\n",
       "      <td>0.066478</td>\n",
       "    </tr>\n",
       "    <tr>\n",
       "      <th>saf</th>\n",
       "      <td>-0.189488</td>\n",
       "      <td>0.028112</td>\n",
       "      <td>-1.000000</td>\n",
       "      <td>0.151136</td>\n",
       "      <td>0.012062</td>\n",
       "      <td>0.066478</td>\n",
       "      <td>1.000000</td>\n",
       "    </tr>\n",
       "  </tbody>\n",
       "</table>\n",
       "</div>"
      ],
      "text/plain": [
       "                ddist_year  pdynamic       jvf  avg_emp_pp  public_count  \\\n",
       "ddist_year        1.000000  0.003480  0.189488   -0.097809     -0.037129   \n",
       "pdynamic          0.003480  1.000000 -0.028112   -0.164860     -0.159290   \n",
       "jvf               0.189488 -0.028112  1.000000   -0.151136     -0.012062   \n",
       "avg_emp_pp       -0.097809 -0.164860 -0.151136    1.000000      0.110587   \n",
       "public_count     -0.037129 -0.159290 -0.012062    0.110587      1.000000   \n",
       "snation_partal    0.017334  0.140374 -0.066478   -0.046406      0.083162   \n",
       "saf              -0.189488  0.028112 -1.000000    0.151136      0.012062   \n",
       "\n",
       "                snation_partal       saf  \n",
       "ddist_year            0.017334 -0.189488  \n",
       "pdynamic              0.140374  0.028112  \n",
       "jvf                  -0.066478 -1.000000  \n",
       "avg_emp_pp           -0.046406  0.151136  \n",
       "public_count          0.083162  0.012062  \n",
       "snation_partal        1.000000  0.066478  \n",
       "saf                   0.066478  1.000000  "
      ]
     },
     "metadata": {},
     "output_type": "display_data"
    },
    {
     "data": {
      "text/html": [
       "<div>\n",
       "<style scoped>\n",
       "    .dataframe tbody tr th:only-of-type {\n",
       "        vertical-align: middle;\n",
       "    }\n",
       "\n",
       "    .dataframe tbody tr th {\n",
       "        vertical-align: top;\n",
       "    }\n",
       "\n",
       "    .dataframe thead th {\n",
       "        text-align: right;\n",
       "    }\n",
       "</style>\n",
       "<table border=\"1\" class=\"dataframe\">\n",
       "  <thead>\n",
       "    <tr style=\"text-align: right;\">\n",
       "      <th></th>\n",
       "      <th>ddist_year</th>\n",
       "      <th>pdynamic</th>\n",
       "      <th>jvf</th>\n",
       "      <th>avg_emp_pp</th>\n",
       "      <th>public_count</th>\n",
       "      <th>snation_partal</th>\n",
       "      <th>saf</th>\n",
       "    </tr>\n",
       "  </thead>\n",
       "  <tbody>\n",
       "    <tr>\n",
       "      <th>ddist_year</th>\n",
       "      <td>0.0</td>\n",
       "      <td>0.6694</td>\n",
       "      <td>0.0</td>\n",
       "      <td>0.0082</td>\n",
       "      <td>0.4154</td>\n",
       "      <td>0.9743</td>\n",
       "      <td>0.0</td>\n",
       "    </tr>\n",
       "    <tr>\n",
       "      <th>pdynamic</th>\n",
       "      <td>0.6694</td>\n",
       "      <td>0.0</td>\n",
       "      <td>0.7514</td>\n",
       "      <td>0.0</td>\n",
       "      <td>0.0</td>\n",
       "      <td>0.0</td>\n",
       "      <td>0.7514</td>\n",
       "    </tr>\n",
       "    <tr>\n",
       "      <th>jvf</th>\n",
       "      <td>0.0</td>\n",
       "      <td>0.7514</td>\n",
       "      <td>0.0</td>\n",
       "      <td>0.0</td>\n",
       "      <td>0.6184</td>\n",
       "      <td>0.0729</td>\n",
       "      <td>0.0</td>\n",
       "    </tr>\n",
       "    <tr>\n",
       "      <th>avg_emp_pp</th>\n",
       "      <td>0.0082</td>\n",
       "      <td>0.0</td>\n",
       "      <td>0.0</td>\n",
       "      <td>0.0</td>\n",
       "      <td>0.0028</td>\n",
       "      <td>0.2108</td>\n",
       "      <td>0.0</td>\n",
       "    </tr>\n",
       "    <tr>\n",
       "      <th>public_count</th>\n",
       "      <td>0.4154</td>\n",
       "      <td>0.0</td>\n",
       "      <td>0.6184</td>\n",
       "      <td>0.0028</td>\n",
       "      <td>0.0</td>\n",
       "      <td>0.0029</td>\n",
       "      <td>0.6184</td>\n",
       "    </tr>\n",
       "    <tr>\n",
       "      <th>snation_partal</th>\n",
       "      <td>0.9743</td>\n",
       "      <td>0.0</td>\n",
       "      <td>0.0729</td>\n",
       "      <td>0.2108</td>\n",
       "      <td>0.0029</td>\n",
       "      <td>0.0</td>\n",
       "      <td>0.0729</td>\n",
       "    </tr>\n",
       "    <tr>\n",
       "      <th>saf</th>\n",
       "      <td>0.0</td>\n",
       "      <td>0.7514</td>\n",
       "      <td>0.0</td>\n",
       "      <td>0.0</td>\n",
       "      <td>0.6184</td>\n",
       "      <td>0.0729</td>\n",
       "      <td>0.0</td>\n",
       "    </tr>\n",
       "  </tbody>\n",
       "</table>\n",
       "</div>"
      ],
      "text/plain": [
       "               ddist_year pdynamic     jvf avg_emp_pp public_count  \\\n",
       "ddist_year            0.0   0.6694     0.0     0.0082       0.4154   \n",
       "pdynamic           0.6694      0.0  0.7514        0.0          0.0   \n",
       "jvf                   0.0   0.7514     0.0        0.0       0.6184   \n",
       "avg_emp_pp         0.0082      0.0     0.0        0.0       0.0028   \n",
       "public_count       0.4154      0.0  0.6184     0.0028          0.0   \n",
       "snation_partal     0.9743      0.0  0.0729     0.2108       0.0029   \n",
       "saf                   0.0   0.7514     0.0        0.0       0.6184   \n",
       "\n",
       "               snation_partal     saf  \n",
       "ddist_year             0.9743     0.0  \n",
       "pdynamic                  0.0  0.7514  \n",
       "jvf                    0.0729     0.0  \n",
       "avg_emp_pp             0.2108     0.0  \n",
       "public_count           0.0029  0.6184  \n",
       "snation_partal            0.0  0.0729  \n",
       "saf                    0.0729     0.0  "
      ]
     },
     "metadata": {},
     "output_type": "display_data"
    }
   ],
   "source": [
    "coll = ['ddist_year', 'pdynamic', 'jvf', 'avg_emp_pp', 'public_count', 'snation_partal', 'saf']\n",
    "\n",
    "display(df[coll].corr(), calculate_pvalues(df[coll]))"
   ]
  },
  {
   "cell_type": "code",
   "execution_count": null,
   "metadata": {},
   "outputs": [],
   "source": []
  }
 ],
 "metadata": {
  "kernelspec": {
   "display_name": "Python 3.9.10 64-bit",
   "language": "python",
   "name": "python3"
  },
  "language_info": {
   "codemirror_mode": {
    "name": "ipython",
    "version": 3
   },
   "file_extension": ".py",
   "mimetype": "text/x-python",
   "name": "python",
   "nbconvert_exporter": "python",
   "pygments_lexer": "ipython3",
   "version": "3.9.10"
  },
  "orig_nbformat": 4,
  "vscode": {
   "interpreter": {
    "hash": "aee8b7b246df8f9039afb4144a1f6fd8d2ca17a180786b69acc140d282b71a49"
   }
  }
 },
 "nbformat": 4,
 "nbformat_minor": 2
}
